
  RooFitResult: minimized FCN value: -0.470425, estimated distance to minimum: 0.000487872
                covariance matrix quality: Full, accurate covariance matrix
                Status : MINIMIZE=0 HESSE=0 MINOS=0 

    Constant Parameter    Value     
  --------------------  ------------
             eff_pppi0    3.1995e-02
             gamma_eta    3.1800e+01
              proton_m    9.3830e+02
            rEtaToJpsi    9.3588e-01
               rG1toG2    9.5502e-01
               rNarToW    2.0394e-01
            radius_eta    1.0000e+00
              spin_eta    0.0000e+00

    Floating Parameter  InitialValue    FinalValue (+HiError,-LoError)    GblCorr.
  --------------------  ------------  ----------------------------------  --------
          a0_PT3_FromB    3.2389e-01    3.2388e-01         +/-  4.12e-02  <none>
         a0_PT3_Prompt    3.8747e-01    3.8747e-01 (+6.73e-02,--0.00e+00)  <none>
          a1_PT3_FromB   -2.1959e-01   -2.1958e-01 (+0.00e+00,-3.39e-01)  <none>
         a1_PT3_Prompt   -6.4608e-02   -6.4608e-02 (+6.85e-02,--0.00e+00)  <none>
          a2_PT3_FromB   -7.9161e-04   -7.8851e-04 (+1.28e-01,-4.67e-02)  <none>
         a2_PT3_Prompt    2.9421e-02    2.9421e-02 (+9.51e-03,-2.73e-03)  <none>
             mass_Jpsi    3.0966e+03    3.0966e+03 (+9.78e-02,-9.74e-02)  <none>
              mass_res    1.1296e+02    1.1296e+02 (+7.60e-01,-7.68e-01)  <none>
      nBckgr_PT3_FromB    2.6352e+04    2.6352e+04 (+2.37e+02,-2.38e+02)  <none>
     nBckgr_PT3_Prompt    1.1454e+07    1.1454e+07 (+4.95e+03,-4.49e+03)  <none>
        nEta_PT3_FromB    1.0743e+03    1.0743e+03 (+1.35e+02,-1.33e+02)  <none>
       nEta_PT3_Prompt    1.8383e+04    1.8384e+04 (+2.58e+03,-3.14e+03)  <none>
       nJpsi_PT3_FromB    3.6331e+03    3.6331e+03 (+9.44e+01,-9.30e+01)  <none>
      nJpsi_PT3_Prompt    1.4798e+04    1.4798e+04 (+1.15e+03,-1.05e+03)  <none>
       sigma_eta_1_PT3    8.1795e+00    8.1795e+00 (+2.17e-01,-2.08e-01)  <none>


15x15 matrix is as follows

     |       0    |       1    |       2    |       3    |       4    |
----------------------------------------------------------------------
   0 |          1   -0.005214      0.9611   -0.005262     -0.1389 
   1 |  -0.005214           1   -0.002291      0.9976    -0.01941 
   2 |     0.9611   -0.002291           1     -0.0023     -0.1479 
   3 |  -0.005262      0.9976     -0.0023           1    -0.01956 
   4 |    -0.1389    -0.01941     -0.1479    -0.01956           1 
   5 |   0.006809     -0.8314    0.002841     -0.8225     0.02501 
   6 |  -0.002984    0.002056   -0.006012    0.001604    -0.02055 
   7 |  -0.007619     0.02373    0.005388     0.02501   -0.009206 
   8 |   -0.07645     0.02225    -0.07731     0.02238     -0.3756 
   9 |  -0.006589      0.2992   -0.002895      0.2915    -0.02453 
  10 |    0.08082    -0.01409      0.1108    -0.01412      0.4574 
  11 |   0.006254     -0.4599    0.002621     -0.4446       0.023 
  12 |    0.07742    -0.03547      0.0388    -0.03573      0.3007 
  13 |    0.01331     -0.2833     0.00616     -0.2878     0.05023 
  14 |    0.06082    -0.08302     0.02926    -0.08365      0.2319 


     |       5    |       6    |       7    |       8    |       9    |
----------------------------------------------------------------------
   0 |   0.006809   -0.002984   -0.007619    -0.07645   -0.006589 
   1 |    -0.8314    0.002056     0.02373     0.02225      0.2992 
   2 |   0.002841   -0.006012    0.005388    -0.07731   -0.002895 
   3 |    -0.8225    0.001604     0.02501     0.02238      0.2915 
   4 |    0.02501    -0.02055   -0.009206     -0.3756    -0.02453 
   5 |          1   -0.001642    -0.04687      -0.028     -0.4268 
   6 |  -0.001642           1     0.02313     0.01953   0.0004839 
   7 |   -0.04687     0.02313           1    -0.03131     0.02889 
   8 |     -0.028     0.01953    -0.03131           1     0.02818 
   9 |    -0.4268   0.0004839     0.02889     0.02818           1 
  10 |     0.0171     -0.0191     0.05699     -0.6128    -0.01786 
  11 |     0.6196  -0.0004986    -0.04135    -0.02582     -0.6408 
  12 |    0.04546    -0.02199  -0.0005786     -0.3605    -0.04487 
  13 |     0.4075    -0.00114    -0.02453    -0.05917     -0.4192 
  14 |     0.1065    -0.03787   -0.007469     -0.2775     -0.1051 


     |      10    |      11    |      12    |      13    |      14    |
----------------------------------------------------------------------
   0 |    0.08082    0.006254     0.07742     0.01331     0.06082 
   1 |   -0.01409     -0.4599    -0.03547     -0.2833    -0.08302 
   2 |     0.1108    0.002621      0.0388     0.00616     0.02926 
   3 |   -0.01412     -0.4446    -0.03573     -0.2878    -0.08365 
   4 |     0.4574       0.023      0.3007     0.05023      0.2319 
   5 |     0.0171      0.6196     0.04546      0.4075      0.1065 
   6 |    -0.0191  -0.0004986    -0.02199    -0.00114    -0.03787 
   7 |    0.05699    -0.04135  -0.0005786    -0.02453   -0.007469 
   8 |    -0.6128    -0.02582     -0.3605    -0.05917     -0.2775 
   9 |   -0.01786     -0.6408    -0.04487     -0.4192     -0.1051 
  10 |          1     0.01583      0.2362     0.03882      0.1862 
  11 |    0.01583           1     0.04185      0.3374     0.09808 
  12 |     0.2362     0.04185           1     0.09246      0.4281 
  13 |    0.03882      0.3374     0.09246           1      0.2162 
  14 |     0.1862     0.09808      0.4281      0.2162           1 

$chi^2 prompt$ 10.4009 
$chi^2 from-b$ 61.5773 
