
  RooFitResult: minimized FCN value: -0.575994, estimated distance to minimum: 7.15731e-06
                covariance matrix quality: Full, accurate covariance matrix
                Status : MINIMIZE=0 HESSE=0 MINOS=0 

    Constant Parameter    Value     
  --------------------  ------------
             eff_pppi0    3.1995e-02
             gamma_eta    3.4000e+01
              proton_m    9.3830e+02
            rEtaToJpsi    9.3629e-01
               rG1toG2    9.5502e-01
               rNarToW    2.0394e-01
            radius_eta    1.0000e+00
              spin_eta    0.0000e+00

    Floating Parameter  InitialValue    FinalValue (+HiError,-LoError)    GblCorr.
  --------------------  ------------  ----------------------------------  --------
          a0_PT2_FromB    1.1282e+00    1.1282e+00 (+1.76e-01,--0.00e+00)  <none>
         a0_PT2_Prompt    3.9109e-01    3.9109e-01 (+4.30e-02,-4.33e-02)  <none>
          a1_PT2_FromB    5.7934e-01    5.7935e-01 (+1.91e-01,--0.00e+00)  <none>
         a1_PT2_Prompt    1.0227e-02    1.0227e-02 (+4.40e-02,-4.43e-02)  <none>
          a2_PT2_FromB    1.4188e-01    1.4188e-01 (+1.04e-01,-1.75e-01)  <none>
         a2_PT2_Prompt    3.5820e-02    3.5820e-02 (+1.52e-03,-8.70e-04)  <none>
             mass_Jpsi    3.0966e+03    3.0966e+03 (+9.19e-02,-9.19e-02)  <none>
              mass_res    1.1269e+02    1.1269e+02 (+7.06e-01,-7.07e-01)  <none>
      nBckgr_PT2_FromB    4.3295e+04    4.3295e+04 (+3.11e+02,-3.10e+02)  <none>
     nBckgr_PT2_Prompt    2.5308e+07    2.5308e+07 (+6.98e+03,-6.97e+03)  <none>
        nEta_PT2_FromB    2.3206e+03    2.3206e+03 (+1.94e+02,-1.93e+02)  <none>
       nEta_PT2_Prompt    3.0214e+04    3.0213e+04 (+4.31e+03,-4.30e+03)  <none>
       nJpsi_PT2_FromB    5.5046e+03    5.5046e+03 (+1.18e+02,-1.17e+02)  <none>
      nJpsi_PT2_Prompt    2.6067e+04    2.6067e+04 (+1.62e+03,-1.62e+03)  <none>
       sigma_eta_1_PT2    8.2975e+00    8.2975e+00 (+1.81e-01,-1.77e-01)  <none>


15x15 matrix is as follows

     |       0    |       1    |       2    |       3    |       4    |
----------------------------------------------------------------------
   0 |          1   0.0004363      0.9852   0.0004739      0.8667 
   1 |  0.0004363           1   0.0004876      0.9987   0.0003114 
   2 |     0.9852   0.0004876           1   0.0005336      0.9266 
   3 |  0.0004739      0.9987   0.0005336           1   0.0003524 
   4 |     0.8667   0.0003114      0.9266   0.0003524           1 
   5 |  -0.006393     0.09563   -0.006105      0.1102  -0.0002579 
   6 |  -0.003606   0.0001127   -0.008484  -0.0002506    -0.01569 
   7 |    0.03652    0.009016      0.0435    0.009946     0.03734 
   8 |     0.0125   0.0002576    -0.04438    0.000241     -0.2158 
   9 |   0.006618    -0.04053    0.006013     -0.0486   -0.001012 
  10 |    0.03668   1.009e-05      0.1221   4.278e-05      0.3387 
  11 |  -0.005832      0.1005   -0.005396      0.1155   0.0004913 
  12 |   -0.09358  -0.0007005    -0.08334  -0.0007102     0.01489 
  13 |    -0.0137    -0.03149    -0.01222    -0.03323    0.003052 
  14 |    -0.0673   -0.001531    -0.05923   -0.001553     0.01839 


     |       5    |       6    |       7    |       8    |       9    |
----------------------------------------------------------------------
   0 |  -0.006393   -0.003606     0.03652      0.0125    0.006618 
   1 |    0.09563   0.0001127    0.009016   0.0002576    -0.04053 
   2 |  -0.006105   -0.008484      0.0435    -0.04438    0.006013 
   3 |     0.1102  -0.0002506    0.009946    0.000241     -0.0486 
   4 | -0.0002579    -0.01569     0.03734     -0.2158   -0.001012 
   5 |          1    -0.00286    -0.04265    -0.01947      -0.375 
   6 |   -0.00286           1      0.0354      0.0111    0.001958 
   7 |   -0.04265      0.0354           1    -0.02055     0.01705 
   8 |   -0.01947      0.0111    -0.02055           1     0.02487 
   9 |     -0.375    0.001958     0.01705     0.02487           1 
  10 |    0.01203    -0.01492     0.03337     -0.6671     -0.0161 
  11 |      0.522   -0.001449    -0.02329    -0.02046     -0.6292 
  12 |    0.03188   -0.004889  -0.0004161     -0.3606     -0.0395 
  13 |     0.3288   -0.004631    -0.01553    -0.05495     -0.3883 
  14 |    0.07157    0.003303    0.004696     -0.2833    -0.08889 


     |      10    |      11    |      12    |      13    |      14    |
----------------------------------------------------------------------
   0 |    0.03668   -0.005832    -0.09358     -0.0137     -0.0673 
   1 |  1.009e-05      0.1005  -0.0007005    -0.03149   -0.001531 
   2 |     0.1221   -0.005396    -0.08334    -0.01222    -0.05923 
   3 |  4.278e-05      0.1155  -0.0007102    -0.03323   -0.001553 
   4 |     0.3387   0.0004913     0.01489    0.003052     0.01839 
   5 |    0.01203       0.522     0.03188      0.3288     0.07157 
   6 |   -0.01492   -0.001449   -0.004889   -0.004631    0.003303 
   7 |    0.03337    -0.02329  -0.0004161    -0.01553    0.004696 
   8 |    -0.6671    -0.02046     -0.3606    -0.05495     -0.2833 
   9 |    -0.0161     -0.6292     -0.0395     -0.3883    -0.08889 
  10 |          1     0.01306      0.2269     0.03602      0.1872 
  11 |    0.01306           1     0.03281      0.2627     0.07378 
  12 |     0.2269     0.03281           1     0.08656      0.4438 
  13 |    0.03602      0.2627     0.08656           1      0.1949 
  14 |     0.1872     0.07378      0.4438      0.1949           1 

$chi^2 prompt$ 12.8170 
$chi^2 from-b$ 93.7399 
