
  RooFitResult: minimized FCN value: -0.465426, estimated distance to minimum: 3.73441e-05
                covariance matrix quality: Full, accurate covariance matrix
                Status : MINIMIZE=0 HESSE=0 MINOS=0 

    Constant Parameter    Value     
  --------------------  ------------
             eff_pppi0    3.1995e-02
             gamma_eta    3.1800e+01
              proton_m    9.3830e+02
            rEtaToJpsi    9.3629e-01
               rG1toG2    9.5502e-01
               rNarToW    2.0394e-01
            radius_eta    1.0000e+00
              spin_eta    0.0000e+00

    Floating Parameter  InitialValue    FinalValue (+HiError,-LoError)    GblCorr.
  --------------------  ------------  ----------------------------------  --------
          a0_PT3_FromB    1.0589e+00    1.0589e+00 (+2.26e-01,--0.00e+00)  <none>
         a0_PT3_Prompt    3.6871e-01    3.6871e-01 (+8.42e-02,-6.73e-02)  <none>
          a1_PT3_FromB    5.2077e-01    5.2077e-01 (+9.80e-01,-3.35e-01)  <none>
         a1_PT3_Prompt   -8.3730e-02   -8.3730e-02 (+8.37e-02,-7.06e-02)  <none>
          a2_PT3_FromB    1.0945e-01    1.0946e-01 (+1.26e-01,-4.68e-02)  <none>
         a2_PT3_Prompt    3.0807e-02    3.0807e-02 (+8.06e-03,-3.92e-03)  <none>
             mass_Jpsi    3.0966e+03    3.0966e+03 (+9.54e-02,-9.54e-02)  <none>
              mass_res    1.1297e+02    1.1297e+02 (+7.46e-01,-7.47e-01)  <none>
      nBckgr_PT3_FromB    2.6331e+04    2.6331e+04 (+2.32e+02,-2.32e+02)  <none>
     nBckgr_PT3_Prompt    1.1455e+07    1.1455e+07 (+4.61e+03,-4.61e+03)  <none>
        nEta_PT3_FromB    1.0948e+03    1.0948e+03 (+1.32e+02,-1.30e+02)  <none>
       nEta_PT3_Prompt    1.8080e+04    1.8079e+04 (+2.79e+03,-2.79e+03)  <none>
       nJpsi_PT3_FromB    3.6341e+03    3.6341e+03 (+9.21e+01,-9.11e+01)  <none>
      nJpsi_PT3_Prompt    1.4851e+04    1.4851e+04 (+1.07e+03,-1.07e+03)  <none>
       sigma_eta_1_PT3    8.1865e+00    8.1865e+00 (+2.11e-01,-2.05e-01)  <none>


15x15 matrix is as follows

     |       0    |       1    |       2    |       3    |       4    |
----------------------------------------------------------------------
   0 |          1    0.000584      0.9101   0.0006406    -0.04303 
   1 |   0.000584           1    0.000135      0.9972   -0.000677 
   2 |     0.9101    0.000135           1   0.0002194      0.2686 
   3 |  0.0006406      0.9972   0.0002194           1   -0.000778 
   4 |   -0.04303   -0.000677      0.2686   -0.000778           1 
   5 |  -0.005814     -0.4598   -0.005805     -0.4487    0.008869 
   6 |    0.02212   0.0001272     0.01121   -0.000363    -0.02572 
   7 |   -0.02416    -0.01981   -0.002364    -0.01826     0.02656 
   8 |     0.2851    0.001207      0.1707    0.001407     -0.3767 
   9 |    0.00839    -0.01166    0.007886    -0.01912    -0.01257 
  10 |      -0.39    -0.00164     -0.2092   -0.001709      0.5068 
  11 |   -0.00632      0.0217   -0.006287     0.03834    0.009632 
  12 |    -0.1329  -0.0005851     -0.1172  -0.0009945      0.1888 
  13 |   -0.02067     0.00185    -0.01864   -0.004723     0.03058 
  14 |    -0.1028   -0.000959    -0.09069   -0.001976       0.151 


     |       5    |       6    |       7    |       8    |       9    |
----------------------------------------------------------------------
   0 |  -0.005814     0.02212    -0.02416      0.2851     0.00839 
   1 |    -0.4598   0.0001272    -0.01981    0.001207    -0.01166 
   2 |  -0.005805     0.01121   -0.002364      0.1707    0.007886 
   3 |    -0.4487   -0.000363    -0.01826    0.001407    -0.01912 
   4 |   0.008869    -0.02572     0.02656     -0.3767    -0.01257 
   5 |          1   8.442e-05    -0.03398     -0.0164     -0.2951 
   6 |  8.442e-05           1     0.02236     0.02563  -0.0001418 
   7 |   -0.03398     0.02236           1    -0.04754     0.02347 
   8 |    -0.0164     0.02563    -0.04754           1     0.02318 
   9 |    -0.2951  -0.0001418     0.02347     0.02318           1 
  10 |   0.009932    -0.02735     0.07323     -0.6587    -0.01504 
  11 |     0.4144   0.0006459    -0.03549    -0.01781     -0.6015 
  12 |    0.02706    -0.02394    0.009654     -0.3574    -0.03671 
  13 |     0.2895  -0.0008545    -0.01751    -0.05631     -0.3718 
  14 |    0.06514    -0.03983    0.001598     -0.2772    -0.08789 


     |      10    |      11    |      12    |      13    |      14    |
----------------------------------------------------------------------
   0 |      -0.39    -0.00632     -0.1329    -0.02067     -0.1028 
   1 |   -0.00164      0.0217  -0.0005851     0.00185   -0.000959 
   2 |    -0.2092   -0.006287     -0.1172    -0.01864    -0.09069 
   3 |  -0.001709     0.03834  -0.0009945   -0.004723   -0.001976 
   4 |     0.5068    0.009632      0.1888     0.03058       0.151 
   5 |   0.009932      0.4144     0.02706      0.2895     0.06514 
   6 |   -0.02735   0.0006459    -0.02394  -0.0008545    -0.03983 
   7 |    0.07323    -0.03549    0.009654    -0.01751    0.001598 
   8 |    -0.6587    -0.01781     -0.3574    -0.05631     -0.2772 
   9 |   -0.01504     -0.6015    -0.03671     -0.3718    -0.08789 
  10 |          1     0.01084      0.2392     0.03816      0.1918 
  11 |    0.01084           1     0.02932      0.2478     0.07056 
  12 |     0.2392     0.02932           1     0.08667      0.4204 
  13 |    0.03816      0.2478     0.08667           1      0.2066 
  14 |     0.1918     0.07056      0.4204      0.2066           1 

$chi^2 prompt$ 10.3590 
$chi^2 from-b$ 61.7387 
