
  RooFitResult: minimized FCN value: -0.587838, estimated distance to minimum: 4.79319e-07
                covariance matrix quality: Full, accurate covariance matrix
                Status : MINIMIZE=0 HESSE=0 MINOS=0 

    Constant Parameter    Value     
  --------------------  ------------
             eff_pppi0    3.1995e-02
             gamma_eta    3.1800e+01
              proton_m    9.3830e+02
            rEtaToJpsi    9.3629e-01
               rG1toG2    9.5502e-01
               rNarToW    2.0394e-01
            radius_eta    1.0000e+00
              spin_eta    0.0000e+00

    Floating Parameter  InitialValue    FinalValue (+HiError,-LoError)    GblCorr.
  --------------------  ------------  ----------------------------------  --------
          a0_PT1_FromB   -5.3445e-01   -5.3445e-01 (+9.81e-03,-9.77e-03)  <none>
         a0_PT1_Prompt   -2.9107e-01   -2.9107e-01 (+3.54e-04,-3.54e-04)  <none>
          a1_PT1_FromB    5.8616e-02    5.8615e-02 (+1.06e-02,-1.06e-02)  <none>
         a1_PT1_Prompt    3.9452e-02    3.9452e-02 (+3.52e-04,-3.52e-04)  <none>
          a2_PT1_FromB    4.4993e-04    4.5032e-04 (+1.03e-02,-1.03e-02)  <none>
         a2_PT1_Prompt   -4.3863e-03   -4.3863e-03 (+3.57e-04,-3.57e-04)  <none>
             mass_Jpsi    3.0966e+03    3.0966e+03 (+9.55e-02,-9.55e-02)  <none>
              mass_res    1.1267e+02    1.1267e+02 (+7.75e-01,-7.75e-01)  <none>
      nBckgr_PT1_FromB    3.5958e+04    3.5958e+04 (+2.71e+02,-2.70e+02)  <none>
     nBckgr_PT1_Prompt    3.0479e+07    3.0479e+07 (+7.44e+03,-7.44e+03)  <none>
        nEta_PT1_FromB    9.3161e+02    9.3166e+02 (+1.65e+02,-1.64e+02)  <none>
       nEta_PT1_Prompt    2.1400e+04    2.1399e+04 (+4.44e+03,-4.44e+03)  <none>
       nJpsi_PT1_FromB    3.5341e+03    3.5341e+03 (+9.59e+01,-9.48e+01)  <none>
      nJpsi_PT1_Prompt    2.1437e+04    2.1437e+04 (+1.71e+03,-1.70e+03)  <none>
       sigma_eta_1_PT1    7.6011e+00    7.6011e+00 (+2.08e-01,-2.02e-01)  <none>


15x15 matrix is as follows

     |       0    |       1    |       2    |       3    |       4    |
----------------------------------------------------------------------
   0 |          1   0.0003743     -0.2594   -0.004268       0.459 
   1 |  0.0003743           1  -0.0008851     -0.1208  -0.0007432 
   2 |    -0.2594  -0.0008851           1     0.01675     -0.3949 
   3 |  -0.004268     -0.1208     0.01675           1    0.005357 
   4 |      0.459  -0.0007432     -0.3949    0.005357           1 
   5 | -0.0005726      0.4348    0.003109     -0.3095   0.0005941 
   6 |   0.003061   -0.001188    -0.02106  -0.0009105     0.03099 
   7 |    0.01413     0.01515    -0.01129    -0.04893    -0.03507 
   8 |    0.08654   0.0003693     -0.4084    -0.01612      0.2953 
   9 |   0.004432     0.02518    -0.01852     -0.3551   -0.005093 
  10 |    -0.1092   0.0003889      0.4942    0.006049     -0.5287 
  11 |  -0.002982    -0.03798      0.0113      0.4758    0.003864 
  12 |   -0.05482   -0.001665      0.2945     0.03415     0.07407 
  13 |   -0.01126   -0.009679     0.04995      0.3001     0.01182 
  14 |   -0.04837   -0.003569      0.2185     0.07483       0.049 


     |       5    |       6    |       7    |       8    |       9    |
----------------------------------------------------------------------
   0 | -0.0005726    0.003061     0.01413     0.08654    0.004432 
   1 |     0.4348   -0.001188     0.01515   0.0003693     0.02518 
   2 |   0.003109    -0.02106    -0.01129     -0.4084    -0.01852 
   3 |    -0.3095  -0.0009105    -0.04893    -0.01612     -0.3551 
   4 |  0.0005941     0.03099    -0.03507      0.2953   -0.005093 
   5 |          1    0.006945     0.01083   -0.003771      0.2916 
   6 |   0.006945           1     0.01458     0.02059    0.001581 
   7 |    0.01083     0.01458           1    -0.02644     0.02961 
   8 |  -0.003771     0.02059    -0.02644           1     0.01877 
   9 |     0.2916    0.001581     0.02961     0.01877           1 
  10 |   0.002104    -0.02583     0.04874     -0.6429   -0.008041 
  11 |    -0.5335   -0.001838    -0.04188    -0.01054     -0.6291 
  12 |   0.006837    -0.01331    -0.00898     -0.3178    -0.03809 
  13 |     0.1146   -0.002024    -0.01955    -0.05295      -0.317 
  14 |    0.01522     -0.0172    -0.01215     -0.2345    -0.08364 


     |      10    |      11    |      12    |      13    |      14    |
----------------------------------------------------------------------
   0 |    -0.1092   -0.002982    -0.05482    -0.01126    -0.04837 
   1 |  0.0003889    -0.03798   -0.001665   -0.009679   -0.003569 
   2 |     0.4942      0.0113      0.2945     0.04995      0.2185 
   3 |   0.006049      0.4758     0.03415      0.3001     0.07483 
   4 |    -0.5287    0.003864     0.07407     0.01182       0.049 
   5 |   0.002104     -0.5335    0.006837      0.1146     0.01522 
   6 |   -0.02583   -0.001838    -0.01331   -0.002024     -0.0172 
   7 |    0.04874    -0.04188    -0.00898    -0.01955    -0.01215 
   8 |    -0.6429    -0.01054     -0.3178    -0.05295     -0.2345 
   9 |  -0.008041     -0.6291    -0.03809      -0.317    -0.08364 
  10 |          1    0.003617      0.1492     0.02496      0.1134 
  11 |   0.003617           1     0.02289      0.1374     0.05007 
  12 |     0.1492     0.02289           1      0.1037      0.4543 
  13 |    0.02496      0.1374      0.1037           1      0.2281 
  14 |     0.1134     0.05007      0.4543      0.2281           1 

$chi^2 prompt$ 7.5420 
$chi^2 from-b$ 52.8253 
