
  RooFitResult: minimized FCN value: -0.480089, estimated distance to minimum: 0.000223487
                covariance matrix quality: Full, accurate covariance matrix
                Status : MINIMIZE=0 HESSE=0 MINOS=0 

    Constant Parameter    Value     
  --------------------  ------------
             eff_pppi0    3.1995e-02
             gamma_eta    3.4000e+01
              proton_m    9.3830e+02
            rEtaToJpsi    9.3629e-01
               rG1toG2    9.5502e-01
               rNarToW    2.0394e-01
            radius_eta    1.0000e+00
              spin_eta    0.0000e+00

    Floating Parameter  InitialValue    FinalValue (+HiError,-LoError)    GblCorr.
  --------------------  ------------  ----------------------------------  --------
          a0_PT3_FromB    3.2158e-01    3.2158e-01 (+9.62e-01,--0.00e+00)  <none>
         a0_PT3_Prompt    3.7592e-01    3.7592e-01         +/-  4.72e-03  <none>
          a1_PT3_FromB   -2.2163e-01   -2.2162e-01 (+9.86e-01,-3.34e-01)  <none>
         a1_PT3_Prompt   -7.6347e-02   -7.6347e-02         +/-  4.84e-03  <none>
          a2_PT3_FromB    2.3923e-03    2.4005e-03 (+1.22e-01,-4.67e-02)  <none>
         a2_PT3_Prompt    3.0365e-02    3.0365e-02 (+7.72e-03,-3.61e-03)  <none>
             mass_Jpsi    3.0966e+03    3.0966e+03 (+9.54e-02,-9.55e-02)  <none>
              mass_res    1.1294e+02    1.1294e+02 (+7.50e-01,-7.50e-01)  <none>
      nBckgr_PT3_FromB    2.6311e+04    2.6310e+04 (+2.35e+02,-2.38e+02)  <none>
     nBckgr_PT3_Prompt    1.1454e+07    1.1454e+07 (+4.68e+03,-4.73e+03)  <none>
        nEta_PT3_FromB    1.1122e+03    1.1122e+03 (+1.39e+02,-1.35e+02)  <none>
       nEta_PT3_Prompt    1.8944e+04    1.8945e+04 (+2.95e+03,-2.91e+03)  <none>
       nJpsi_PT3_FromB    3.6369e+03    3.6369e+03 (+9.26e+01,-9.11e+01)  <none>
      nJpsi_PT3_Prompt    1.4882e+04    1.4882e+04 (+1.07e+03,-1.07e+03)  <none>
       sigma_eta_1_PT3    8.1904e+00    8.1904e+00 (+2.12e-01,-2.05e-01)  <none>


15x15 matrix is as follows

     |       0    |       1    |       2    |       3    |       4    |
----------------------------------------------------------------------
   0 |          1   4.861e-06      0.9992   4.444e-05     -0.9276 
   1 |  4.861e-06           1   3.111e-05      0.9933    0.001347 
   2 |     0.9992   3.111e-05           1   8.223e-05     -0.9283 
   3 |  4.444e-05      0.9933   8.223e-05           1    0.001158 
   4 |    -0.9276    0.001347     -0.9283    0.001158           1 
   5 |  -0.001668     -0.2735   -0.002123     -0.2526    0.008645 
   6 |  0.0009507  -6.851e-05   0.0005224  -0.0008452   -0.009005 
   7 |   0.005635     0.05372    0.007523     0.05568   -0.009035 
   8 |    0.02844   -0.006495     0.02842   -0.006121      -0.183 
   9 |   0.001894    -0.02132    0.002389     -0.0347      -0.011 
  10 |   -0.03727      0.0063     -0.0332    0.006118      0.2186 
  11 |  -0.001598      0.0371   -0.002021     0.06453    0.008953 
  12 |   -0.02873    0.007135    -0.03452    0.006466      0.1525 
  13 |  -0.004119    0.005849   -0.005179   -0.003254      0.0248 
  14 |   -0.01877     0.01567    -0.02354     0.01414      0.1153 


     |       5    |       6    |       7    |       8    |       9    |
----------------------------------------------------------------------
   0 |  -0.001668   0.0009507    0.005635     0.02844    0.001894 
   1 |    -0.2735  -6.851e-05     0.05372   -0.006495    -0.02132 
   2 |  -0.002123   0.0005224    0.007523     0.02842    0.002389 
   3 |    -0.2526  -0.0008452     0.05568   -0.006121     -0.0347 
   4 |   0.008645   -0.009005   -0.009035      -0.183      -0.011 
   5 |          1   0.0002379    -0.06213    -0.01854     -0.3456 
   6 |  0.0002379           1     0.02193     0.02081  -0.0001484 
   7 |   -0.06213     0.02193           1    -0.03383     0.02448 
   8 |   -0.01854     0.02081    -0.03383           1     0.02669 
   9 |    -0.3456  -0.0001484     0.02448     0.02669           1 
  10 |    0.01051    -0.01988     0.05764     -0.6432    -0.01738 
  11 |     0.4726   0.0007027    -0.03321    -0.02097     -0.6283 
  12 |    0.03107    -0.02329    0.001578     -0.3796    -0.04151 
  13 |     0.3242  -0.0009103    -0.01896    -0.06225     -0.3854 
  14 |    0.07053    -0.03923   -0.003799     -0.2941    -0.09377 


     |      10    |      11    |      12    |      13    |      14    |
----------------------------------------------------------------------
   0 |   -0.03727   -0.001598    -0.02873   -0.004119    -0.01877 
   1 |     0.0063      0.0371    0.007135    0.005849     0.01567 
   2 |    -0.0332   -0.002021    -0.03452   -0.005179    -0.02354 
   3 |   0.006118     0.06453    0.006466   -0.003254     0.01414 
   4 |     0.2186    0.008953      0.1525      0.0248      0.1153 
   5 |    0.01051      0.4726     0.03107      0.3242     0.07053 
   6 |   -0.01988   0.0007027    -0.02329  -0.0009103    -0.03923 
   7 |    0.05764    -0.03321    0.001578    -0.01896   -0.003799 
   8 |    -0.6432    -0.02097     -0.3796    -0.06225     -0.2941 
   9 |   -0.01738     -0.6283    -0.04151     -0.3854    -0.09377 
  10 |          1     0.01317      0.2551     0.04187       0.201 
  11 |    0.01317           1     0.03331      0.2645     0.07537 
  12 |     0.2551     0.03331           1      0.0949      0.4438 
  13 |    0.04187      0.2645      0.0949           1      0.2141 
  14 |      0.201     0.07537      0.4438      0.2141           1 

$chi^2 prompt$ 10.5361 
$chi^2 from-b$ 61.8480 
