
  RooFitResult: minimized FCN value: -0.581778, estimated distance to minimum: 7.99623e-05
                covariance matrix quality: Full, accurate covariance matrix
                Status : MINIMIZE=0 HESSE=0 MINOS=0 

    Constant Parameter    Value     
  --------------------  ------------
             eff_pppi0    3.1995e-02
             gamma_eta    3.1800e+01
              proton_m    9.3830e+02
            rEtaToJpsi    9.3629e-01
               rG1toG2    9.5502e-01
               rNarToW    2.0394e-01
            radius_eta    1.0000e+00
              spin_eta    0.0000e+00

    Floating Parameter  InitialValue    FinalValue (+HiError,-LoError)    GblCorr.
  --------------------  ------------  ----------------------------------  --------
          a0_PT2_FromB    3.4605e-01    3.4605e-01 (+9.68e-01,-3.28e-01)  <none>
         a0_PT2_Prompt    3.8622e-01    3.8622e-01 (+4.33e-02,-4.28e-02)  <none>
          a1_PT2_FromB   -2.1452e-01   -2.1452e-01 (+9.91e-01,--0.00e+00)  <none>
         a1_PT2_Prompt    5.2162e-03    5.2162e-03 (+4.43e-02,-4.38e-02)  <none>
          a2_PT2_FromB   -1.6869e-05   -1.7220e-05 (+1.21e-01,-4.02e-02)  <none>
         a2_PT2_Prompt    3.5677e-02    3.5677e-02 (+1.32e-03,-8.35e-04)  <none>
             mass_Jpsi    3.0966e+03    3.0966e+03 (+9.18e-02,-9.18e-02)  <none>
              mass_res    1.1263e+02    1.1263e+02 (+7.02e-01,-7.00e-01)  <none>
      nBckgr_PT2_FromB    4.3425e+04    4.3425e+04 (+3.01e+02,-3.01e+02)  <none>
     nBckgr_PT2_Prompt    2.5310e+07    2.5310e+07 (+6.82e+03,-6.86e+03)  <none>
        nEta_PT2_FromB    2.1897e+03    2.1897e+03 (+1.73e+02,-1.70e+02)  <none>
       nEta_PT2_Prompt    2.8711e+04    2.8711e+04 (+4.13e+03,-4.08e+03)  <none>
       nJpsi_PT2_FromB    5.5050e+03    5.5050e+03 (+1.17e+02,-1.16e+02)  <none>
      nJpsi_PT2_Prompt    2.6018e+04    2.6018e+04 (+1.62e+03,-1.62e+03)  <none>
       sigma_eta_1_PT2    8.2988e+00    8.2988e+00 (+1.80e-01,-1.76e-01)  <none>


15x15 matrix is as follows

     |       0    |       1    |       2    |       3    |       4    |
----------------------------------------------------------------------
   0 |          1   -0.003239      0.9995   -0.003243     -0.9385 
   1 |  -0.003239           1   -0.002897      0.9999   -0.002284 
   2 |     0.9995   -0.002897           1   -0.002901      -0.939 
   3 |  -0.003243      0.9999   -0.002901           1   -0.002285 
   4 |    -0.9385   -0.002284      -0.939   -0.002285           1 
   5 |   0.003228      0.1158    0.002904      0.1185    0.003614 
   6 |  -0.001798   -0.002856   -0.002392   -0.002928   -0.001529 
   7 |   -0.01809     0.09164    -0.01613     0.09184   -0.001599 
   8 |   -0.06341     0.01215    -0.06312     0.01215    -0.08451 
   9 |  -0.004595       0.193   -0.004131      0.1917   -0.005012 
  10 |    0.07574   -0.007724     0.07875   -0.007728     0.09797 
  11 |   0.002523      0.2152    0.002274       0.218    0.003372 
  12 |    0.05123    -0.01939     0.04622     -0.0194     0.07127 
  13 |   0.008927     -0.3038    0.008033     -0.3043     0.01092 
  14 |    0.04088    -0.03981     0.03681    -0.03984     0.05506 


     |       5    |       6    |       7    |       8    |       9    |
----------------------------------------------------------------------
   0 |   0.003228   -0.001798    -0.01809    -0.06341   -0.004595 
   1 |     0.1158   -0.002856     0.09164     0.01215       0.193 
   2 |   0.002904   -0.002392    -0.01613    -0.06312   -0.004131 
   3 |     0.1185   -0.002928     0.09184     0.01215      0.1917 
   4 |   0.003614   -0.001529   -0.001599    -0.08451   -0.005012 
   5 |          1   -0.004239    -0.03278    -0.02004     -0.3106 
   6 |  -0.004239           1     0.03917    0.005608    0.004962 
   7 |   -0.03278     0.03917           1    0.001387     0.05242 
   8 |   -0.02004    0.005608    0.001387           1     0.02774 
   9 |    -0.3106    0.004962     0.05242     0.02774           1 
  10 |     0.0138   -0.006924    0.007604     -0.6335    -0.01905 
  11 |     0.5046   -0.003551   -0.001634    -0.01892     -0.5271 
  12 |    0.03048   -0.004155    -0.01424     -0.3927    -0.04229 
  13 |     0.2685   -0.004748    -0.05034    -0.06092     -0.4048 
  14 |    0.06489    0.003849     -0.0087     -0.3092    -0.08988 


     |      10    |      11    |      12    |      13    |      14    |
----------------------------------------------------------------------
   0 |    0.07574    0.002523     0.05123    0.008927     0.04088 
   1 |  -0.007724      0.2152    -0.01939     -0.3038    -0.03981 
   2 |    0.07875    0.002274     0.04622    0.008033     0.03681 
   3 |  -0.007728       0.218     -0.0194     -0.3043    -0.03984 
   4 |    0.09797    0.003372     0.07127     0.01092     0.05506 
   5 |     0.0138      0.5046     0.03048      0.2685     0.06489 
   6 |  -0.006924   -0.003551   -0.004155   -0.004748    0.003849 
   7 |   0.007604   -0.001634    -0.01424    -0.05034     -0.0087 
   8 |    -0.6335    -0.01892     -0.3927    -0.06092     -0.3092 
   9 |   -0.01905     -0.5271    -0.04229     -0.4048    -0.08988 
  10 |          1     0.01329      0.2656     0.04236      0.2171 
  11 |    0.01329           1     0.02842      0.1627     0.06111 
  12 |     0.2656     0.02842           1     0.09209      0.4645 
  13 |    0.04236      0.1627     0.09209           1      0.1972 
  14 |     0.2171     0.06111      0.4645      0.1972           1 

$chi^2 prompt$ 12.5904 
$chi^2 from-b$ 92.9429 
